The max number of quests loaded at the same time is 30, click load 2 times to confirm all quests will be loaded.

#1Prologue
183,176,177,178,179,180,196,6216,6217,6218,6219

#2Escherion(ChiralValley)
245,246,247,260,248,249,250,251,252,255,256,257,261,258,262,259,263,266,267,264,265,268,269,270,271,272

#3Vath(Dwarfhold)
319,320,321,322,324,325,326,327,323,344,331,332,333,334,335,336,337,338,339,340,341,346,347,348,349,350,351,352,353,355,356

#4Kitsune(Yokai)
380,381,402,403,405,406,466,467,468,469,470,471,473,474,476,477,478,481,484,488

#5Wolfwing(Darkovia)
494,495,496,497,498,514,515,516,517,518,519,520,521,522,534,535,536,537,564,565,566,567

#6Kimberly(Mythsong)
648,649,650,651,658,659,660,675,676,677,678,710

#7Ledgermayne(Arcangrove)
805,806,807,808,809,810,811,813,814,815,816,817,818,825,826,827,828,829,830,831,832,833,834,835,836,838,839,840,841,842,843,844,845,846,847

#8Tibicenas(Sandsea)
930,931,932,933,934,967,968,969,970,971,972,973,974,975,976,977,978,995,996,997,998,999,1000,1001,1002,1003,1004,1005

#9Khasaanda(Horc)
1232,1233,1234,1235,1237,1280,1281,1282,1283,1284,1375,1376,1377,1378,1379,1380,1424,1425,1426,1427,1428,1456,1457,1458,1459,1460,1469,1470,1471,1472,1473

#9Khasaanda(Troll)
1226,1227,1228,1229,1231,1274,1275,1276,1277,1278,1369,1370,1371,1372,1373,1374,1419,1420,1421,1422,1423,1451,1452,1453,1454,1455,1464,1465,1466,1467,1468

#10Iadoa(TheSpan)
2239,2240,2241,2242,2243,2244,2253,2254,2255,2256,2257,2258,2376,2377,2378,2379,2380,2381,2382,2383,2384,2385,2386,2470,2471,2472,2473,2474,2475,2476,2477,2478,2479,2504,2505,2506,2507,2508,2509,2510,2511,2512,2513,2515,2516,2517,2518,2519

#11Lionfang(Darkblood)
2612,2613,2614,2615,2616,2617,2618,2619,2620,2621,2622,2623,2624,2625,2626,2627,2628,2629,2630,2666,2667,2668,2669,2670,2671,2672,2673,2674,2675,2720,2721,2722,2723,2724,2725,2726,2727,2728,2729,2730,2731,2732,2740,2792,2793,2794,2796,2797,2798,2799,2800,2801,2802,2803,2804,2805,2806,2807,2808,2809,2810,2811,2812,2813,2814

#12Xiang(MirrorRealm)
2909,2910,2911,2912,2913,2914,2915,2916,2917,2919,2920,2921,2922,2923,2924,2925,2926,2927,2928,2929,2930,2931,2932,3166,3167,3168,3169,3170,3171,3172,3183,3184,3185,3186,3187,3188,3189

#13Alteon(Swordhaven)
3077,3078,3079,3080,3081,3082,3083,3084,3094,3095,3096,3089,3090,3091,3092,3093,3120,3121,3122,3123,3124,3125,3126,3127,3133,3134,3158,3159,3160

#14Hero(ChaosFinale)
3578,3579,3580,3581,3582,3583,3584,3585,3586,3587,3588,3589,3590,3591,3764,3765,3766,3779,3781,3788,3783,3789,3785,3790,3787,3608,3618,3609,3610,3611,3612,3613,3614,3615,3616,3617,3619,3792,3794,3795,3620,3796,3797,3798,3799,3875,3876,3877,3878,3879,3880,3881

#15Extra
3812,3813,3814,3815,3816,3817,3818,3819,3820,3821,3822,3823,3824